#
#
#  Percent Identity  Matrix - created by Clustal2.1 
#
#

     1: tr|A0A4Y5QL86|A0A4Y5QL86_9ALPC  100.00   62.71   51.69   25.00   29.46   29.46
     2: tr|A0A482JZL9|A0A482JZL9_9NIDO   62.71  100.00   72.73   28.95   25.44   27.43
     3: tr|A0A482JZZ8|A0A482JZZ8_9NIDO   51.69   72.73  100.00   30.70   26.32   28.32
     4: tr|D2E2E4|D2E2E4_CVHSA           25.00   28.95   30.70  100.00   56.78   59.32
     5: tr|E0XIZ8|E0XIZ8_9NIDO           29.46   25.44   26.32   56.78  100.00   71.79
     6: tr|A0A3S6GUI8|A0A3S6GUI8_CVHSA   29.46   27.43   28.32   59.32   71.79  100.00
